4255265
4258598
4263778
4265757
4292000
3174768
3124709
5359220
4312727
3251484
4561479
1005186
4024177
3177248
3500158
3682204
3682239
3857631
5721020
5723240
5797240
2438008
2826515
3450464
3450485
4062836
988108
2173229
1021173
470862
1074756
924481
2863060
3245898
3475185
3633213
3704385
3704388
3704391
3536334
3536373
3536444
3542351
4960718
3468526
3468547
3522605
3522647
2859701
3912739
3484458
5353710
977775
969610
969616
970889
972995
973010
4265757
4263778
4258598
2586215
2442301
2440447
6396259
6396259
3149691
3634635
3634228
2904837
2361348
2361236
2817913
2836984
3294054
3951333
3951241
3951286
